                                                                               [00m
 [48;5;196;38;5;196m██████████████████████████[48;5;16;38;5;16m██████████████████████████[48;5;62;38;5;62m██████████████████████████[49;39m[00m
 [48;5;196;38;5;196m██████████████████████████[48;5;16;38;5;16m██████████████████████████[48;5;62;38;5;62m██████████████████████████[49;39m[00m
 [48;5;196;38;5;196m██████████████████████████[48;5;16;38;5;16m██████████████████████████[48;5;62;38;5;62m██████████████████████████[49;39m[00m
 [48;5;196;38;5;196m███████[38;5;231m▄▄▄▄▄[48;5;231m███[48;5;203m▄[48;5;196m▄[38;5;196m█████████[48;5;16;38;5;16m███████[38;5;231m▄▄▄▄▄[48;5;231m███[48;5;16m▄▄[38;5;16m█████████[48;5;62;38;5;62m████████[38;5;231m▄▄▄[38;5;110m▄[38;5;231m▄▄[48;5;231m███[48;5;62;38;5;62m█████████[49;39m[00m
 [48;5;196;38;5;196m███████[48;5;231;38;5;231m████[38;5;196m▄[38;5;196m▄▄▄[38;5;231m███[48;5;196m▄[38;5;196m███████[48;5;16;38;5;16m███████[48;5;231;38;5;231m████[38;5;16m▄▄▄[38;5;231m████[48;5;16m▄[38;5;16m███████[48;5;62;38;5;62m████████[48;5;231;38;5;231m█████[38;5;62m▄▄▄▄[48;5;62m█████████[49;39m[00m
 [48;5;196;38;5;196m███████[48;5;231;38;5;231m███[48;5;196;38;5;196m██████[48;5;231;38;5;231m███[48;5;196;38;5;196m███████[48;5;16;38;5;16m███████[48;5;231;38;5;231m███[48;5;16;38;5;16m█████[48;5;236m▄[48;5;231;38;5;231m███[48;5;16;38;5;16m███████[48;5;62;38;5;62m████████[48;5;231;38;5;231m████[48;5;62;38;5;62m██████████████[49;39m[00m
 [48;5;196;38;5;196m███████[48;5;231;38;5;231m███[48;5;196;38;5;196m██████[48;5;231;38;5;231m███[48;5;196;38;5;196m███████[48;5;16;38;5;16m███████[48;5;231;38;5;231m███[48;5;16;38;5;16m██████[48;5;231;38;5;231m███[48;5;16;38;5;16m███████[48;5;62;38;5;62m████████[48;5;231;38;5;231m███[48;5;110;38;5;110m▄[48;5;62;38;5;62m██████████████[49;39m[00m
 [48;5;196;38;5;196m███████[48;5;231;38;5;231m███[48;5;196;38;5;196m██████[48;5;231;38;5;231m███[48;5;196;38;5;196m███████[48;5;16;38;5;16m███████[48;5;231;38;5;231m███[48;5;16;38;5;16m█████[38;5;231m▄[48;5;231m███[48;5;16;38;5;16m███████[48;5;62;38;5;62m████████[48;5;231;38;5;231m███[48;5;110;38;5;110m█[48;5;62;38;5;62m██████████████[49;39m[00m
 [48;5;196;38;5;196m███████[48;5;231;38;5;231m███[48;5;196;38;5;196m██████[48;5;231;38;5;231m███[48;5;196;38;5;196m███████[48;5;16;38;5;16m███████[48;5;231;38;5;231m███[48;5;16m▄▄▄▄[48;5;231m████[38;5;16m▄[48;5;16m███████[48;5;62;38;5;62m████████[48;5;231;38;5;231m███[48;5;110;38;5;110m█[48;5;62;38;5;62m██████████████[49;39m[00m
 [48;5;196;38;5;196m███████[48;5;231m▄▄▄[48;5;196m██████[48;5;231m▄▄▄[48;5;196m███████[48;5;16;38;5;16m███████[48;5;231;38;5;231m███[38;5;16m▄[38;5;231m███[38;5;235m▄[38;5;16m▄▄[48;5;16m█████████[48;5;62;38;5;62m████████[48;5;231m▄▄▄[48;5;110m▄[48;5;62m██████████████[49;39m[00m
 [48;5;196;38;5;196m██████████████████████████[48;5;16;38;5;16m███████[48;5;231;38;5;231m███[48;5;16;38;5;16m████████████████[48;5;62;38;5;62m██████████████████████████[49;39m[00m
 [48;5;196;38;5;196m██████████████████████████[48;5;16;38;5;16m███████[48;5;231;38;5;231m███[48;5;16;38;5;16m████████████████[48;5;62;38;5;62m██████████████████████████[49;39m[00m
 [48;5;196;38;5;196m██████████████████████████[48;5;16;38;5;16m███████[48;5;231m▄▄▄[48;5;16m████████████████[48;5;62;38;5;62m██████████████████████████[49;39m[00m
